# Frame list with one line of data per frame:
#   FRAME_ID, RIG_ID, QW, QX, QY, QZ, TX, TY, TZ, NUM_DATA_IDS, DATA_IDS[]
#   DATA_IDS[] as (SENSOR_TYPE, SENSOR_ID, DATA_ID)
# Number of frames: 30
1 1 0.38063097816025449 0.30076734023290386 0.64770929095472907 -0.58747913999129764 0.091452715594791359 0.16847838500619511 3.88901823929094 1 CAMERA 1 1
2 1 0.39446464096837514 0.33097305438332075 0.62999158291150359 -0.58134764965425334 0.14485720209312486 0.15805224861128567 3.9583058713473793 1 CAMERA 1 2
3 1 0.42168104716792137 0.3506915059198365 0.61450202391937947 -0.56708714033561813 0.05853846093298104 0.16158102577129738 4.023073300648206 1 CAMERA 1 3
4 1 0.43503740867001905 0.37026436966620802 0.60208354176121004 -0.55780118174277638 0.051335034611605893 0.14738393545921022 4.0955681486219548 1 CAMERA 1 4
5 1 0.45983605293783725 0.40509259882976295 0.57689431049037021 -0.54004050340297605 -0.081083210080788726 0.12379765860609906 4.1606878646342951 1 CAMERA 1 5
6 1 0.47752403192730647 0.42248826526356981 0.5551130525846053 -0.53415724603965598 -0.08294985103567 0.20153270215767313 4.1512795260224014 1 CAMERA 1 6
7 1 0.49590781160461128 0.44858599576470909 0.53174177351274576 -0.51970831539896445 -0.21194137155736795 0.19545394171852484 4.2236654271834162 1 CAMERA 1 7
8 1 0.51376359831498053 0.47090724776338933 0.50924649922372134 -0.50493695851931608 -0.22784639406572152 0.20600045101314968 4.2358725569403539 1 CAMERA 1 8
9 1 0.51716852548319914 0.4828065418817486 0.49982665228432011 -0.49960772315084395 -0.15508132097710597 0.18031142405195336 4.2913740418294344 1 CAMERA 1 9
10 1 0.52995323745874623 0.49310546079620915 0.48311903204165535 -0.49253687325832374 -0.21255680791675469 0.23586456838654077 4.277123081972249 1 CAMERA 1 10
11 1 0.53218041114979764 0.51278264063284817 0.47642995570900848 -0.47629032192261472 -0.19489090605449177 0.13368982689706868 4.1760470368096998 1 CAMERA 1 11
12 1 0.53769352449272712 0.52341513378719717 0.4670823087876218 -0.46771400263274582 -0.16926934467610097 0.10885896766070492 4.197569467837992 1 CAMERA 1 12
13 1 0.53500559924751934 0.54059583849569692 0.4619720044328135 -0.45618747823155487 -0.1773504054323457 0.016646660832792721 4.0939595110877063 1 CAMERA 1 13
14 1 0.54244982545786447 0.55279851123891088 0.45762732809486928 -0.43673701630790013 -0.091547796523644379 -0.065258087175218277 4.115976086448577 1 CAMERA 1 14
15 1 0.54981002687402403 0.56529683255463392 0.4448586270135696 -0.42455768444827968 -0.10688315153213919 -0.079660208273185928 4.0961342585722313 1 CAMERA 1 15
16 1 0.55225345138084481 0.58111558773444782 0.42912860294670568 -0.41613632533462014 -0.082669772515212306 -0.10134913508021599 4.0563009223606379 1 CAMERA 1 16
17 1 0.55598817254286304 0.60492762842533754 0.41079203078027171 -0.39520832962826669 -0.074880252969019179 -0.20250599564136931 4.0580837063935249 1 CAMERA 1 17
18 1 0.58090927015311311 0.6056656521476993 0.38228325416561698 -0.38674675337128006 -0.052925665181195694 -0.013325150774966975 4.0831189815182487 1 CAMERA 1 18
19 1 0.58235649827548552 0.62034702514760787 0.36551143800362157 -0.37740146527981627 -0.026086138398314994 -0.067705798250547497 4.1960319461831208 1 CAMERA 1 19
20 1 0.5901614062196382 0.63180016911091286 0.34439936132097798 -0.3659605727971027 -0.018408730145431831 -0.036393939111673435 4.1460246920635662 1 CAMERA 1 20
21 1 0.59848819214099469 0.64567137175147415 0.32044260628633026 -0.3496239403198777 -0.020598033687883974 -0.022845308592692522 4.1022447385110334 1 CAMERA 1 21
22 1 0.57749908510304282 0.67445281203567065 0.31619664668869873 -0.33410760491965308 -0.010292833451555374 -0.27854445804342354 3.9895979449612202 1 CAMERA 1 22
23 1 0.61077610084565703 0.6586494978013423 0.28964955670770504 -0.33050949756526726 0.023401325431558182 0.058977933488582684 3.9344649645678684 1 CAMERA 1 23
24 1 0.6025167177817915 0.67666411969379781 0.28267357727766257 -0.31495225451094028 0.12718119055652966 -0.092687869273284804 3.9417536135206244 1 CAMERA 1 24
25 1 0.60310492711533292 0.68353696105284956 0.27324261283332402 -0.30721351580922091 0.24365250460325591 -0.17528794760629385 3.8539974203963392 1 CAMERA 1 25
26 1 0.59122497436644128 0.70588354019151567 0.26406427509185565 -0.28714372009902395 0.23517872490158645 -0.34217426347191876 3.7866019618559332 1 CAMERA 1 26
27 1 0.60116218222588547 0.70261747958364373 0.25231600714217417 -0.28507777988606831 0.28879329984575858 -0.20884094641169068 3.7644466246677006 1 CAMERA 1 27
28 1 0.49155297523454855 0.46755178947414822 0.53460358246455142 -0.50395436927727166 0.10056330063133571 0.12334990723611829 3.6719216476653327 1 CAMERA 1 28
29 1 0.46047099507573797 0.41207303743343887 0.57430854596084546 -0.53696551895878641 0.25524143658989673 0.19701162616834919 3.6507112912365032 1 CAMERA 1 29
30 1 0.4355131695573301 0.39423418168050423 0.61055827939893814 -0.53115560487887137 0.056316946771421197 -0.017848179932816878 3.446136757782956 1 CAMERA 1 30
